test_accuracy:[0.99826087 0.99826053 0.99748744 0.99729416 0.99768071]
train_accuracy:[1. 1. 1. 1. 1.]
test_precision:[0.99899719 0.99919743 0.99819639 0.99919663 0.99839647]
train_precision:[1. 1. 1. 1. 1.]
test_recall:[0.99919759 0.99899699 0.99919759 0.99799398 0.99919759]
train_recall:[1. 1. 1. 1. 1.]
test_f1:[0.99909738 0.9990972  0.99869674 0.99859494 0.99879687]
train_f1:[1. 1. 1. 1. 1.]
