test_accuracy:[0.96425121 0.9686896  0.96540394 0.96231156 0.96385775]
train_accuracy:[0.96545226 0.96443929 0.9653573  0.96588878 0.96526067]
test_precision:[0.96547711 0.97035303 0.96750973 0.96667966 0.9669132 ]
train_precision:[0.96778432 0.96656948 0.96764463 0.96788946 0.96750499]
test_recall:[0.99859579 0.99799398 0.99759278 0.99518556 0.99658977]
train_recall:[0.99734203 0.99759278 0.99739218 0.99769308 0.99744233]
test_f1:[0.98175722 0.98397943 0.98232099 0.98072551 0.98152722]
train_f1:[0.98234088 0.98183613 0.98229324 0.98256532 0.9822456 ]
