test_accuracy:[0.99864734 0.99864708 0.99845381 0.99748744 0.99864708]
train_accuracy:[1. 1. 1. 1. 1.]
test_precision:[0.99919775 0.99939807 0.99899739 0.99959807 0.99899759]
train_precision:[1. 1. 1. 1. 1.]
test_recall:[0.99939819 0.99919759 0.99939819 0.99779338 0.9995988 ]
train_recall:[1. 1. 1. 1. 1.]
test_f1:[0.99929796 0.99929782 0.99919775 0.99869491 0.9992981 ]
train_f1:[1. 1. 1. 1. 1.]
